


30 31 31 33 2E 01 30 31 31 33 36 30 31 39 31 32 34 31 20 20 20 36 30 31 39 31 32 34 31 20 20 20 30 30 30 30 30 30 30 30 30 30 30 30 30 30 30 30 30 30 30 38 33 30 82 20 00 00 82 00 08 00 04 00 00 00 00 00 00 00 30 32 31 33 31 30 30 32 30 30 30 30 37 35 38 31 30 38 36 30 31 39 31 32 34 31 30 30 32 30 30 30 30 30 30 30 30 30 30 30 30 30 30 30 31 30 31   (117)
30 31 32 37 2E 01 30 31 32 37 36 30 31 39 31 32 34 31 20 20 20 36 30 31 39 31 32 34 31 20 20 20 30 30 30 30 30 30 30 30 30 30 30 30 30 30 30 30 30 30 30 38 30 30 82 20 00 00 00 00 08 00 04 00 00 01 10 00 00 01 30 32 31 33 31 34 30 33 33 38 39 37 34 36 39 30 32 30 30 30 30 30 30 30 30 30 30 30 30 30 30 30 31 30 31 32 84 00 69 65 67 86 BC 30 38 36 30 31 39 31 32 34 31 E4 CE 4E 8C 95 6A C9 C4   (131)



MAK

30 31 31 33 
2E 01 30 31 31 33 36 30 31 39 31 32 34 31 20 20 20 36 30 31 39 31 32 34 31 20 20 20 30 30 30 30 30 30 30 30 30 30 30 30 30 30 30 30 30 30 
30 38 33 30 
82 20 00 00 82 00 08 00 04 00 00 00 00 00 00 00 
30 32 31 33 31 30 30 32 30 30 
30 30 37 35 38 31 
30 38 36 30 31 39 31 32 34 31 
30 30 
32 30 30 30 30 30 30 30 30 30 30 30 30 30 30 30 
31 30 31


30 31 32 37 
2E 01 30 31 32 37 36 30 31 39 31 32 34 31 20 20 20 36 30 31 39 31 32 34 31 20 20 20 30 30 30 30 30 30 30 30 30 30 30 30 30 30 30 30 30 30 
30 38 30 30 
82 20 00 00 00 00 08 00 04 00 00 01 10 00 00 01 
30 32 31 33 31 34 30 33 33 38 
39 37 34 36 39 30 
32 30 30 30 30 30 30 30 30 30 30 30 30 30 30 30 
31 30 31 
32 84 00 69 65 67 86 BC 
30 38 36 30 31 39 31 32 34 31 
E4 CE 4E 8C 95 6A C9 C4

32 84 00 69 65 67 86 BC    ---- mak

PIK

30 31 31 33 
2E 01 30 31 31 33 36 30 31 39 31 32 34 31 20 20 20 36 30 31 39 31 32 34 31 20 20 20 30 30 30 30 30 30 30 30 30 30 30 30 30 30 30 30 30 30 
30 38 33 30 
82 20 00 00 82 00 08 00 04 00 00 00 00 00 00 00 
30 32 31 33 31 30 30 32 30 30 
30 30 37 35 38 31 
30 38 36 30 31 39 31 32 34 31 
30 30 
31 30 30 30 30 30 30 30 30 30 30 30 30 30 30 30 
31 30 31

30 31 32 37 
2E 01 30 31 32 37 36 30 31 39 31 32 34 31 20 20 20 36 30 31 39 31 32 34 31 20 20 20 30 30 30 30 30 30 30 30 30 30 30 30 30 30 30 30 30 30 
30 38 30 30 
82 20 00 00 00 00 08 00 04 00 00 01 10 00 00 01 
30 32 31 33 31 31 35 36 30 34 
39 37 34 36 34 31 
31 30 30 30 30 30 30 30 30 30 30 30 30 30 30 30 
31 30 31 
FB 2C A5 01 ED 68 78 D7 
30 38 36 30 31 39 31 32 34 31 92 
8F C7 BF CA 56 58 EF

FB 2C A5 01 ED 68 78 D7      ----- pik 
