磁条卡消费

2e 
01 
30 33 34 32 
39 39 39 39 30 30 30 30 20 20 20 
38 38 38 33 30 30 30 30 20 20 20 
30 30 30 
30 
30 30 30 30 30 30 30 30 
30 
30 30 30 30 30 


30 32 30 30                ----- 报文类型 
f2 38 44 c1 a8 e0 98 10 00 00 00 00 00 00 00 41  ------ 位图
31 36 
36 32 31 30 39 34 38 30 30 30 30 30 30 30 32 39   --- 2域 
30 30 31 30 30 30                         --- 3 域
30 30 30 30 30 30 30 30 34 30 30 30       --- 4 域 金额
30 36 31 38 31 30 33 30 32 38             --- 7 域MMDDhhmmss                  
37 36 34 31 37 30                         ---- 11 域 系统跟踪号
31 30 33 30 32 38                         ---  12 域  受卡方所在地时间
30 36 31 38                               ----- 13 域  日期
35 38 31 32                               ---- 18 域  MCC
30 32 31                                  --   22 域
30 30                                     --    25 域
30 36                                     --    26 域
30 38   38 38 38 36 31 30 30 30            --    32 域 
30 38   38 38 38 38 31 31 30 30 
32 39   36 32 31 30 39 34 38 30 30 30 30 30 30 30 32 39 3d 31 35 31 30 32 30 31 30 30 30 30 30  --- 35域 
35 31 36 39 31 30 37 36 34 31 37 30       --- 37 域 检索参考号 
30 30 30 30 30 30 30 31                   ---  41 终端号
36 37 32 31 31 30 31 35 38 31 32 30 30 37 31    --- 42 商户号
b1 b1 be a9 bf ad cb bc c2 fc be c6 b5 ea d3 d0 cf de b9 ab cb be 20 20 20 20 20 20 20 20 20 20 20 20 20 20 20 20 20 20    --- 43域 受卡方名称地址
31 35 36                                        ---- 49 域 货币代码
92 7c a8 82 31 92 d6 1f                          ---- 52 域 
32 36 30 30 30 30 30 30 30 30 30 30 30 30 30 30  ---- 53 域 
30 32 30   30 30 30 30 30 32 30 30 30 33 30 30 30 30 30 30 30 30 30 30   ---- 60 域
30 31 36   30 31 30 30 30 30 30 30 20 20 32 39 34 34 30 37               ---- 122 域 
44 36 41 32 42 35 39 30                                                  ---- 128  域                   


IC卡消费
2e
01 
30 34 38 32 
39 39 39 39 30 30 30 30 20 20 20 
38 38 38 33 30 30 30 30 20 20 20 
30 30 30 
30 
30 30 30 30 30 30 30 30 
30 30 30 30 30 
30 
30 32 30 30 
f2 3c 46 c1 a8 e0 9a 10 00 00 00 00 00 00 00 41 
31 36  
36 32 31 34 34 34 31 30 30 30 30 31 30 30 39 35   --- 2域
30 30 30 30 30 30                                 --- 3
30 30 30 30 30 30 30 30 30 30 30 31 
30 37 30 31 31 37 32 35 32 35 
37 36 34 34 38 37 
31 37 32 35 32 35 
30 37 30 31 
33 30 31 30 
33 39 39 38 
30 35 31                                     ---- 22 域 
30 30 39                                     ---- 23
30 30                                        ----  25
30 36                                        ---- 26 域
30 38   38 38 38 38 36 39 30 30 
30 38   38 38 38 38 30 30 31 30 
32 39   36 32 31 34 34 34 31 30 30 30 30 31 30 30 39 35 3d 33 30 31 30 32 32 30 30 30 30 30 30 
35 31 38 32 31 37 37 36 34 34 38 37          ---   37

30 30 30 30 30 30 30 30 
36 37 36 31 31 30 31 33 39 39 38 30 30 30 30 
f6 a6 c3 c0 d7 e3 b0 d9 bb f5 b5 ea 20 20 20 20 20 20 20 20 20 20 20 20 20 20 20 20 20 20 20 20 20 20 20 20 20 20 20 20 
31 35 36 
f7 d9 29 93 c1 63 cc 88                      ---- 52
32 36 30 30 30 30 30 30 30 30 30 30 30 30 30 30      --- 53

31 33 30    9f 33 03 e0 e1 c8 95 05 00 80 04 00 00 9f 1e 08 33 43 37 30 33 34 39 36 9f 10 13 07 00 01 03 a0 20 12 01 0a 01 00 00 08 88 00 6b 52 59 d7 9f 26 08 a7 c8 9d b1 5f 0d b6 c4 9f 36 02 01 ee 82 02 7c 00 9c 01 00 9f 1a 02 01 56 9a 03 15 07 01 9f 02 06 00 00 00 00 00 01 5f 2a 02 01 56 9f 03 06 00 00 00 00 00 00 9f 35 01 22 9f 34 03 42 03 00 9f 37 04 0e 7e 84 6e 9f 27 01 80 9f 41 04 00 00 00 01     ---- 55

30 32 30   30 30 30 30 30 35 30 30 30 33 30 30 30 30 30 30 30 30 30 30      ---- 60

30 31 36   30 31 30 30 30 30 30 30 20 20 31 30 33 31 30 37                  ---- 122

46 39 43 42 30 30 31 42                  ----------- 128  




2809Recvpacket
Head
[2016-12-08 13:06:50:333][        SL8583.c][0812]: 00 B2 60 00 06 00 00 60 31 00 31 10 03
[2016-12-08 13:06:50:333][        SL8583.c][0828]: F00     02 00
[2016-12-08 13:06:50:333][        SL8583.c][0828]: F01     70 20 04 C0 30 C0 98 11
[2016-12-08 13:06:50:333][        SL8583.c][0828]: F02     62 30 58 00 00 09 62 12 24 10
[2016-12-08 13:06:50:333][        SL8583.c][0828]: F03     00 00 00
[2016-12-08 13:06:50:333][        SL8583.c][0828]: F04     00 00 00 00 08 00
[2016-12-08 13:06:50:333][        SL8583.c][0828]: F11     00 08 28
[2016-12-08 13:06:50:333][        SL8583.c][0828]: F22     02 10
[2016-12-08 13:06:50:333][        SL8583.c][0828]: F25     00
[2016-12-08 13:06:50:333][        SL8583.c][0828]: F26     06
[2016-12-08 13:06:50:333][        SL8583.c][0828]: F35     62 30 58 00 00 09 62 12 24 1D 25 12 22 00 00 00 00 77 50
[2016-12-08 13:06:50:333][        SL8583.c][0828]: F36     99 62 30 58 00 00 09 62 12 24 1D 15 61 56 05 00 05 00 00 00 10 13 00 00 00 04 00 00 02 51 21 DD D0 00 00 00 77 50 00 00 00 00 00 00 00 00 00 00 00 00 00 00
[2016-12-08 13:06:50:333][        SL8583.c][0828]: F41     31 30 30 30 36 30 35 37
[2016-12-08 13:06:50:333][        SL8583.c][0828]: F42     38 38 36 35 38 34 30 30 30 30 30 30 30 30 31
[2016-12-08 13:06:50:334][        SL8583.c][0828]: F49     31 35 36
[2016-12-08 13:06:50:334][        SL8583.c][0828]: F52     31 07 29 D2 7C B8 1D B9
[2016-12-08 13:06:50:334][        SL8583.c][0828]: F53     26 00 00 00 00 00 00 00
[2016-12-08 13:06:50:334][        SL8583.c][0828]: F60     22 00 00 01
[2016-12-08 13:06:50:334][        SL8583.c][0828]: F64     46 31 41 43 45 32 41 36

bcd 0      ascii  1 
       64 bitmap                    128 bitmap
F00       0                            1
F01       0(8bit)                      0(16bit)
F02       0                            1
F03       0                            1
F04       0                            1
F07       0                            1
F11       0                            1
F12       0                            1
F13       0                            1
F14       0                            1
F15       0                            1
F22       0                            1
F23       0                            1
F25       0                            1
F26       0                            1
F32       0                            1
F33       0                            1
F35       0                            1
F36       0                            1
F37       1                            1
F38       1                            1
F39       1                            1
F41       1                            1
F42       1                            1
F43       1                            1
F49       1                            1
F52       0                            0
F53       0                            1
F54       1                            1
F55       0                            0
F60       0                            1
F64       0                            0        