2e 01 30 33 32 37 39 39 39 39 30 30
30 30 20 20 20 38 38 38 33 30 30 30 30 20 20 20 
30 30 30 30 30 30 30 30 30 30 30 30 30 30 30 30 
30 30 30 34 32 30 f2 38 44 81 88 e0 80 10 00 00 
00 40 00 00 00 41 31 36 36 32 31 30 39 34 38 30 
30 30 30 30 30 30 32 39 30 30 31 30 30 30 30 30 
30 30 30 30 30 30 34 30 30 30 30 37 30 32 31 35 
33 33 32 37 37 36 34 35 35 39 31 35 33 33 30 39 
30 37 30 32 35 38 31 32 30 32 31 30 30 30 38 38 
38 38 36 31 30 30 30 30 38 38 38 38 38 31 31 30 
30 35 31 38 33 31 35 37 36 34 35 35 38 30 30 30 
30 30 30 30 31 36 37 32 31 31 30 31 35 38 31 32 
30 30 37 31 b1 b1 be a9 bf ad cb bc c2 fc be c6 
b5 ea d3 d0 cf de b9 ab cb be 20 20 20 20 20 20 
20 20 20 20 20 20 20 20 20 20 20 20 31 35 36 30 
32 30 30 30 30 30 30 32 30 30 30 33 30 30 30 30 
30 30 30 30 30 30 30 32 30 30 37 36 34 35 35 38 
30 37 30 32 31 35 33 33 30 39 30 30 30 38 38 38 
36 31 30 30 30 30 30 30 38 38 38 38 31 31 30 30 
30 31 36 30 31 30 30 30 30 30 30 20 20 32 39 34 
38 32 37 39 37 37 38 37 41 32 32



2e
01 
30 33 32 37 
39 39 39 39 30 30 30 30 20 20 20 
38 38 38 33 30 30 30 30 20 20 20 
30 30 30 
30 
30 30 30 30 30 30 30 30 
30 
30 30 30 30 30

 
30 34 32 30                                            ----- 报文类型
f2 38 44 81 88 e0 80 10 00 00 00 40 00 00 00 41        ------ 位图 

31 36    36 32 31 30 39 34 38 30 30 30 30 30 30 30 32 39   --- 2 
30 30 31 30 30 30                                 --- 3 
30 30 30 30 30 30 30 30 34 30 30 30               --- 4
30 37 30 32 31 35 33 33 32 37                     --- 7 
37 36 34 35 35 39                                 --- 11  
31 35 33 33 30 39                                 --- 12
30 37 30 32                                       --- 13
35 38 31 32                                       --- 18
30 32 31                                          --- 22 
30 30                                             --- 25
30 38   38 38 38 36 31 30 30 30 
30 38   38 38 38 38 31 31 30 30 
35 31 38 33 31 35 37 36 34 35 35 38               --- 37
30 30 30 30 30 30 30 31 
36 37 32 31 31 30 31 35 38 31 32 30 30 37 31      --- 42
b1 b1 be a9 bf ad cb bc c2 fc be c6 b5 ea d3 d0 cf de b9 ab cb be 20 20 20 20 20 20 20 20 20 20 20 20 20 20 20 20 20 20 
31 35 36                                          --- 49
30 32 30  30 30 30 30 30 32 30 30 30 33 30 30 30 30 30 30 30 30 30 30   --- 60

30 32 30 30 37 36 34 35 35 38 30 37 30 32 31 35 33 33 30 39 30 30 30 38 38 38 36 31 30 30 30 30 30 30 38 38 38 38 31 31 30 30    ---- 90

30 31 36  30 31 30 30 30 30 30 30 20 20 32 39 34 38 32 37                -----  122

39 37 37 38 37 41 32 32                ----- 128






tTxn.trans_state=[0] tTxn.txn_num[1101] tTxn.resp_code[00] tTxn.clear_type[23]
F02     52 01 52 13 62 52 54 70
20:40:14
20:41:10           